- boolVariables: 1
  configuration: org-choco-choco_nfc_24_4_2
  constraints: 51
  cores: '1'
  data_file: ../data/mzn-challenge/2022/nfc/24_4_2.dzn
  datetime: '2024-09-10T20:33:33.000761'
  failures: 0
  flatIntConstraints: 25
  flatIntVars: 49
  flatTime: 0.0594303
  initTime: 0.194
  intVariables: 51
  method: minimize
  model: ../data/mzn-challenge/2022/nfc/nfc.mzn
  mzn_solver: org.choco.choco
  nodes: 24
  objective: 1836
  paths: 0
  peakDepth: 24
  problem: nfc
  restarts: 0
  setVariables: 0
  solution:
    f: [0, 31, 21, 63, 0, 30, 11, 60, 0, 18, 3, 51, 1, 18, 0, 0, 34, 49, 4, 33, 28,
      0, 0, 4]
    objective: 1836
    w: [115, 114, 104, 101, 101, 89, 81, 72, 73, 73, 70, 19, 52, 83, 87, 120, 114,
      65, 61, 32, 4, 35, 56, 115]
  solutions: 1
  solveTime: 0.428
  status: SATISFIED
  threads: '1'
  time: 0.878
  variables: 52
